120
OON13748.1     0.0000000 0.4824517 0.4046815 0.7869230 0.5442041 0.4681494 0.4046815 7.0495990 0.0253115 0.5442041 0.4546069 0.2871944 1.0363472 1.2524969 0.3667650 0.4825602 0.1371510 0.7869230 0.5350557 0.0864685 0.4046815 0.4046815 0.7260430 0.4681494 0.1325706 0.1325706 0.1155643 0.2896016 0.2004287 0.3802149 0.3802149 0.3802149 0.5167770 0.5167770 0.3214557 0.8468076 0.6898586 0.4646684 0.4646684 0.3810906 0.5296015 0.0956929 0.7845483 0.5563209 1.7707284 0.3084667 0.0691256 2.2987106 0.5596218 0.3686775 0.7940571 0.7754513 0.5629502 0.3731143 0.5920764 0.5119279 0.1547537 0.7754513 0.5119279 0.1547537 0.5629502 0.3731143 0.5128402 0.4133706 0.7754513 0.4909702 0.0771148 0.0685244 0.3551962 0.7609259 0.5119279 0.5002899 4.9134706 0.2137548 1.0524453 3.2923115 0.3667650 0.4127738 0.7227862 0.3667650 4.8713672 0.4127738 0.2137548 1.0136693 0.1289949 0.4127738 0.5603012 0.6588333 3.8215639 1.0363472 2.0081020 0.7902960 0.0269482 0.5586836 0.4142669 1.1426506 0.4329397 3.8867073 0.1474350 0.8148964 0.4578704 0.5419101 0.0209752 0.3667650 0.1371510 0.6504764 0.3784436 0.4996798 0.5172654 0.3810906 0.7845483 0.1121854 0.4912834 9.0000000 1.7063135 0.3753369 0.1394208 0.4825602 0.4942951 0.4088439 
OON15015.1     0.4824517 0.0000000 0.6208714 0.9696433 0.7440943 0.0381423 0.6454504 1.5624696 0.5561676 0.7690163 0.5030474 1.6181346 1.0758983 1.3642645 0.7292451 0.4354235 0.9635297 1.0756739 0.7445048 1.0989014 0.6208714 0.6454504 0.7884859 0.0135230 0.9725863 0.9725863 1.1884651 1.6013557 1.6727516 0.7171186 0.6621555 0.7171186 0.6854004 0.6754552 0.3654081 0.6368867 0.4825760 0.3965733 0.3965733 0.6891709 0.3298818 1.0376740 1.0479454 0.7599513 1.8115511 0.4202981 0.8878532 0.8933094 0.3586883 0.6694512 1.0478585 1.0218212 0.2402393 0.6594049 0.3765440 0.7731473 0.9425312 0.9938787 0.7698562 1.0606672 0.2034757 0.6594049 0.7263032 0.6851859 1.0218212 0.2527300 1.0815548 0.6409277 0.6585910 1.0139198 0.7685693 0.2964244 1.2693236 1.6766301 1.5011375 0.8718309 0.6875501 0.2995100 0.7402496 0.6875501 1.2419571 0.3105405 1.6622372 0.9923587 1.1963168 0.3194013 0.5595693 0.6413455 1.1938555 1.5011375 1.7106076 1.0355385 0.4280559 0.2692143 0.7273644 0.7477808 0.6014170 0.6520711 0.6219311 1.0564780 0.7430519 0.6999792 1.8840899 0.7053397 0.9635297 0.4986956 0.4565921 0.5402917 0.1574847 0.6891709 1.0479454 0.6233404 0.7030807 2.5543280 0.9122502 0.6277858 0.9673565 0.4297217 0.7013883 0.5592081 
OON18795.1     0.4046815 0.6208714 0.0000000 0.7923531 0.7579002 0.6132655 0.0063353 0.0938184 0.4240431 0.7579002 0.5443152 1.2701367 1.4003741 1.4695449 0.2225559 0.6871567 0.7808455 1.0021311 0.7594473 0.7220462 0.0063318 0.0063318 0.2823351 0.6132655 0.7758607 0.7758607 0.8566279 1.1711092 1.1711248 0.2606202 0.2606202 0.2606202 0.7647018 0.6782419 0.5494446 0.9311979 0.6994319 0.7006058 0.7006058 0.2639245 0.6288823 0.8239347 1.0048686 0.7320657 1.5142245 0.3669744 0.6152165 1.6477553 0.6468512 0.2628041 1.0166362 1.0000587 0.4158534 0.2084578 0.9495028 0.6527240 0.7768289 0.9773900 0.6527240 0.8206636 0.4158534 0.2084578 0.6531662 0.2245049 1.0000587 0.5826631 0.6689142 0.4866824 0.2230327 1.0010807 0.6852579 0.6063060 0.6999738 1.1965481 1.5216631 1.5264270 0.2225559 0.4816176 0.7689097 0.2225559 1.2043135 0.5058276 1.1857559 1.1193090 0.9249420 0.5481708 0.8289073 0.7629770 1.1680684 1.5338567 1.5172131 1.0096529 0.3340845 0.6133548 0.2168268 1.0315258 0.6938831 1.4057486 0.4824316 0.9633362 0.3025763 0.7673594 1.5979389 0.2225559 0.7808455 0.6814035 0.4631518 0.7803712 0.4698041 0.2639245 1.0048686 0.5498362 0.7041115 1.9320346 1.3588055 0.2269635 0.7975325 0.6866546 0.7602771 0.6805688 
OON21632.1     0.7869230 0.9696433 0.7923531 0.0000000 0.8703579 0.9566477 0.7923531 1.3402370 0.7699259 0.8703579 0.7268105 1.1302390 1.6448953 1.6605626 0.8085351 0.9972075 0.9342166 0.0094572 0.8703579 1.0526526 0.7923531 0.7923531 0.9987282 0.9566477 0.9478095 0.9478095 1.0049932 1.2813676 1.1775042 0.8366170 0.8366170 0.8366170 0.8980532 0.8980532 0.8078788 1.4352788 1.0281227 1.0085637 1.0085637 0.7983972 0.9596621 0.9562422 0.0728381 0.8384189 1.6293731 0.5518920 0.7757630 2.5595681 0.9552031 0.7907036 0.0835994 0.0500364 0.7346895 0.8453841 1.4004225 0.8399975 1.0078573 0.0300764 0.8399975 1.0183779 0.7346895 0.8453841 0.8399975 0.8884785 0.0500364 0.9274481 1.0610422 0.8730846 0.8528510 0.0605556 0.8541794 0.9369406 0.9638948 1.1599770 1.6448953 2.0716441 0.8085351 0.8099365 1.0184533 0.8085351 1.8461643 0.8099365 1.1443366 1.3054921 0.9359589 0.8099365 1.2082702 0.9002306 1.7926261 1.6448953 1.7110024 0.0609745 0.8219060 0.9764215 0.8464927 1.5793559 0.8175405 1.9594131 1.1973532 0.1156127 0.9214203 0.9194513 2.9437910 0.8085351 0.9342166 1.0265260 0.6173477 1.1344886 0.7658634 0.7983972 0.0728381 0.8150071 0.9196393 2.6247930 2.0850933 0.8085351 0.9212385 0.9972075 0.8834498 0.8834498 
OON22446.1     0.5442041 0.7440943 0.7579002 0.8703579 0.0000000 0.7326411 0.7852129 2.3493523 0.5401644 0.0215864 0.2587737 1.8704770 0.7337605 0.8093618 0.7634029 0.7844340 1.1077964 1.0051779 0.0091963 1.3176410 0.7579002 0.7839080 0.8481445 0.7315836 1.1222447 1.1222447 1.4012113 1.9029685 1.9774941 0.7879724 0.7447730 0.7879724 0.4787150 0.5068645 0.5346628 0.8379466 0.6593721 0.7053341 0.7053341 0.8097856 0.7919155 1.3006399 1.0160484 0.4229826 0.7784343 0.1384363 0.8044500 1.9114013 0.7888986 0.8114913 1.0189879 1.0257490 0.5219105 0.7893974 1.2716924 0.2685218 0.9772243 1.0046182 0.2983105 1.0773339 0.5219105 0.7893974 0.2201022 0.8199922 1.0257490 0.7294729 0.9544379 0.6650054 0.7964510 1.0145624 0.2669629 0.7018535 1.1698420 1.9848573 0.9288363 2.0651681 0.7634029 0.5023154 0.4577407 0.7634029 1.2384436 0.5214448 1.9529806 0.9210292 1.3834795 0.5426801 1.0994994 0.3808853 1.2178352 0.9254204 0.7785074 1.0069030 0.4316079 0.6298263 0.7839047 1.4260072 0.3889234 1.9822706 0.5831771 0.9752063 0.7876600 0.4728223 2.0685750 0.7634029 1.1060613 0.7093882 0.2202493 1.0422921 0.5039469 0.8097856 1.0160484 0.6539746 0.4348095 1.0520445 1.8945316 0.6793850 1.1260813 0.7837554 0.4728350 0.4005937 
RJW60639.1     0.4681494 0.0381423 0.6132655 0.9566477 0.7326411 0.0000000 0.6423900 1.5232237 0.5492040 0.8917611 0.5044158 1.5681451 1.0598335 1.5407383 0.7502850 0.4402475 0.9521852 1.0599352 0.7330170 1.1002942 0.6132655 0.6423900 0.8054886 0.0080897 0.9656111 0.9656111 1.1643261 1.5639815 1.6271404 0.7033881 0.6480415 0.7033881 0.6787277 0.6652151 0.3704364 0.6495871 0.4955844 0.3998659 0.3998659 0.6747869 0.3180887 1.0358990 1.0320353 0.7520587 1.7624928 0.4202981 0.8873963 0.8521406 0.3461080 0.6553138 1.0319845 1.0133403 0.2769841 0.6477263 0.3759458 0.8066508 0.9414754 0.9854639 0.8055108 1.0516017 0.2181444 0.6477263 0.7101709 0.6726880 1.0133403 0.2595146 1.1010091 0.6326380 0.6469168 1.0054592 0.7941911 0.3054744 1.3360998 1.6148643 1.4655851 0.8831472 0.6739956 0.3156922 0.7439003 0.6739956 1.2598150 0.3272359 1.6011969 0.9757553 1.1675768 0.3349356 0.5536460 0.6427903 1.2110299 1.4655851 1.6680918 1.0197707 0.4134277 0.2734176 0.7157869 0.7261008 0.6015320 0.6376565 0.6219311 1.0403018 0.7278518 0.6931328 1.8433783 0.7003038 0.9521852 0.5098765 0.4576068 0.5342588 0.1575186 0.6747869 1.0320353 0.6212742 0.7032061 2.6234989 0.8667962 0.6137488 0.9559730 0.4345336 0.6945844 0.5482668 
RJW60735.1     0.4046815 0.6454504 0.0063353 0.7923531 0.7852129 0.6423900 0.0000000 0.0744234 0.4656988 0.7983180 0.6095749 1.2619943 1.2584524 1.3276234 0.2264346 0.6874555 0.7896139 1.0377498 0.7804961 0.7216715 0.0063293 0.0055316 0.2222308 0.6373451 0.7851147 0.7851147 0.8590969 1.1797219 1.1751958 0.2422812 0.2562700 0.2422812 0.7767434 0.6798134 0.5637738 0.8760197 0.6865948 0.6938592 0.6938592 0.2645655 0.6335599 0.9259598 1.0112737 0.7471188 1.5259723 0.3669744 0.6227968 1.6950365 0.6599526 0.2589031 1.0213216 1.0277591 0.5183805 0.1982934 0.9495028 0.6866006 0.7836110 1.0085216 0.6866006 0.8489660 0.5183805 0.1982934 0.6426987 0.2116643 1.0277591 0.6175738 0.7660095 0.5304848 0.2099455 1.0379258 0.7049763 0.6450029 1.0069447 1.2006632 1.5348292 1.5426208 0.2264346 0.5324549 0.7837439 0.2264346 1.2018902 0.5504065 1.1898583 1.1193090 0.9272147 0.5795428 0.8348051 0.7811708 1.1859939 1.5469273 1.4986321 1.0213966 0.3340845 0.6248429 0.2134498 1.0350537 0.7321250 1.4795741 0.4824316 1.0098486 0.3023521 0.7793081 1.5979389 0.2264346 0.7896139 0.6781694 0.5267698 0.7862349 0.5270499 0.2645655 1.0112737 0.5978303 0.7182907 1.9199623 1.3135026 0.2083225 0.8011377 0.6870207 0.7729452 0.7022871 
RJW66274.1     7.0495990 1.5624696 0.0938184 1.3402370 2.3493523 1.5232237 0.0744234 0.0000000 4.4459373 2.3493523 8.6973008 2.0974981 2.2757844 2.3265247 0.7832096 1.7613938 2.1835222 1.6103534 2.3846918 1.6545855 0.0934895 0.0934895 3.6271044 1.5232237 2.1470396 2.1470396 2.0339996 2.0339996 2.0339996 0.8792246 0.8792246 0.8792246 2.2321230 1.9771986 3.3891608 5.5650146 7.3422114 1.7246384 1.7246384 0.7505034 1.5587899 2.5941559 1.6678257 1.8742359 1.9500055 0.9213646 6.2821120 1.8292615 1.6679738 0.7560988 1.7372025 1.5922311 4.4135106 0.6180419 1.3882774 2.1774755 2.2985007 1.5031354 2.1774755 2.2127585 4.4135106 0.6180419 2.1777110 0.6368704 1.5922311 1.5014054 5.7859402 3.8572240 0.6255333 1.6318792 2.2570641 1.5934470 4.4459373 2.0988304 2.0436613 1.5883036 0.7832096 5.9516796 7.6958863 0.7832096 4.4459373 3.2758323 2.0717311 4.5629726 2.3944337 5.5397518 1.5883960 9.0000000 4.4459373 2.0634745 1.7923830 1.7338075 9.0000000 4.8099001 0.5547735 1.4098370 8.7985582 1.5170063 9.0000000 1.5660540 1.1872485 2.2690957 8.3532692 0.7832096 2.1835222 3.5486383 8.6973008 1.5883036 8.4773358 0.7505034 1.6678257 7.3717520 5.3644151 1.9199623 1.3787515 0.8173600 2.2970007 1.7574828 2.2134112 2.1354176 
RJW72653.1     0.0253115 0.5561676 0.4240431 0.7699259 0.5401644 0.5492040 0.4656988 4.4459373 0.0000000 0.5412064 0.7445170 0.2256052 0.7545796 0.9702358 0.4279800 0.5766394 0.0481839 1.0326659 0.5401644 0.0000010 0.4240431 0.4656988 0.6847030 0.5484766 0.0481839 0.0481839 0.0280838 0.2664362 0.0000010 0.4239169 0.3919086 0.4239169 0.5961965 0.4266838 0.6047976 0.8430214 0.7725646 0.5861889 0.5861889 0.4211015 0.6016648 0.1068328 1.0416410 0.5653083 0.7022363 0.4324507 0.0099590 0.4282241 0.6226606 0.4320333 1.0386920 1.0373991 0.6810534 0.4505080 0.3122032 0.5276109 0.0567022 1.0373991 0.5276109 0.1243817 0.6810534 0.4505080 0.5108429 0.4696933 1.0373991 0.5410567 0.0882082 0.0567022 0.4385836 1.0165422 0.5082478 0.5425625 0.2718370 0.0000010 0.7102893 0.7122804 0.4279800 0.7050765 0.8224402 0.4279800 0.4797803 0.7059809 0.0000010 0.9527048 0.1441517 0.7561182 0.3828023 0.7498714 0.4598572 0.7102893 1.0636414 1.0437348 0.0370381 0.7096139 0.4874176 0.5600509 0.5121747 0.7122804 0.1474350 1.0475902 0.4672642 0.6131699 0.0000010 0.4279800 0.0481839 0.7777896 0.6355418 0.3218632 0.7573298 0.4211015 1.0416410 0.0584683 0.5850112 9.0000000 1.3612401 0.4069774 0.0527033 0.5766394 0.6101481 0.6101481 
RJW73332.1     0.5442041 0.7690163 0.7579002 0.8703579 0.0215864 0.8917611 0.7983180 2.3493523 0.5412064 0.0000000 0.2969611 1.8704770 0.7831424 0.9541754 0.7899002 0.7964264 1.1094374 1.0743660 0.0287677 1.3096951 0.7579002 0.7969974 0.8662328 0.7452557 1.1154627 1.1154627 1.3855075 1.8772563 1.9470477 0.7737654 0.7447730 0.7737654 0.5013518 0.5073849 0.5456353 0.8517365 0.6719007 0.7148560 0.7148560 0.8097856 0.8221287 1.3185622 1.0601199 0.4266838 0.7655609 0.1384363 0.8061325 1.9114013 0.8209153 0.8114913 1.0597233 1.0803299 0.5552760 0.7892416 1.2716924 0.2992255 0.9787067 1.0595129 0.2985171 1.0773339 0.5329692 0.7892416 0.2237264 0.8199194 1.0803299 0.7373896 1.0433172 0.6663333 0.7963149 1.0687839 0.3037871 0.7748054 1.2339564 1.9848573 0.9310467 2.0651681 0.7544860 0.5214633 0.4943388 0.7544860 1.2384436 0.5416083 1.9529806 0.9210292 1.3836404 0.5619417 1.0994994 0.4191989 1.2178352 0.9276169 0.7909152 1.0498163 0.4316079 0.6584894 0.8016677 1.4260072 0.4011967 1.9822706 0.5831771 1.0513184 0.8051878 0.4957416 2.0685750 0.7631252 1.1077020 0.7303335 0.2487687 1.0422921 0.5495642 0.8097856 1.0601199 0.6539746 0.4303768 1.0524536 1.8945316 0.6793850 1.1277581 0.7957167 0.4954790 0.4251853 
RTG80009.1     0.4546069 0.5030474 0.5443152 0.7268105 0.2587737 0.5044158 0.6095749 8.6973008 0.7445170 0.2969611 0.0000000 1.0520470 0.0294965 0.2717120 0.6461181 0.5247529 0.7516034 0.9939471 0.2578615 0.4938473 0.5443152 0.6095749 0.6049759 0.5039435 0.7516034 0.7516034 0.5477994 1.0611705 0.3082930 0.6329971 0.5790521 0.6329971 0.0224649 0.0343832 0.5356727 0.5623029 0.5452593 0.5480175 0.5480175 0.5572555 0.4859106 0.9346356 0.9446952 0.2728533 9.0000000 0.2289730 0.6944200 9.0000000 0.4569621 0.5561617 0.9351574 0.9443722 0.5788900 0.6061968 0.3178081 0.3606066 0.7131019 0.9443722 0.3606066 0.8380874 0.5788900 0.6061968 0.2647034 0.6224671 0.9443722 0.5579333 0.8886689 0.7131019 0.6359925 0.9197724 0.3646324 0.5626264 1.4247285 0.3082930 0.9385908 9.0000000 0.6461181 0.5060436 0.0487451 0.6461181 1.0644689 0.5451510 0.3082930 0.5236437 0.7952384 0.5392614 0.7147374 0.0114248 1.0383184 0.9385908 3.5785193 0.9415650 0.5412629 0.4748883 0.5842352 0.5449546 0.2416892 9.0000000 0.9255482 0.9145699 0.6049925 0.0714418 0.3082930 0.6461181 0.7516034 0.5392614 0.0000010 0.3704343 0.4813071 0.5572555 0.9446952 0.7743980 0.2746525 9.0000000 3.4420509 0.5239109 0.7580158 0.5247529 0.0111457 0.0111457 
RTG80744.1     0.2871944 1.6181346 1.2701367 1.1302390 1.8704770 1.5681451 1.2619943 2.0974981 0.2256052 1.8704770 1.0520470 0.0000000 2.1434547 2.2816272 1.1058597 1.5167987 0.0229857 1.2362923 1.8641847 0.9832140 1.2796528 1.2678397 2.3976646 1.5668264 0.2874281 0.2874281 0.2573243 0.2568667 0.2621564 1.1165915 1.1262028 1.1165915 1.7732356 1.7061480 0.9343525 2.3072917 1.6618480 1.3436604 1.3436604 1.3400702 1.6955029 1.0646202 1.2492748 2.0758971 2.8046622 0.7557722 1.1746974 2.8482323 1.7214178 1.2817527 1.2652761 1.2872808 2.8120419 1.2726704 1.6436819 1.8458349 1.0372945 1.2123444 1.8185928 1.0909700 2.8120419 1.2726704 1.8188318 1.4664672 1.2872808 1.5831002 1.2713735 0.5681869 1.2955228 1.2647835 1.8523923 1.5365725 2.1232612 0.0214166 2.1982036 2.7235498 1.1058597 2.1197546 1.9730940 1.1058597 2.1538635 2.6921044 0.0115918 1.6098094 0.0444703 2.6921044 1.4103021 2.0392278 2.0759828 2.1669831 2.7084800 1.2803844 0.1174882 1.5663563 1.2964928 2.0734643 1.3529641 2.3178270 1.3417535 1.2943096 1.3985247 1.6988203 1.3400030 1.1058597 0.0346759 3.2318625 0.7594362 1.4061099 2.2564962 1.3400702 1.2492748 0.4621602 1.9864667 4.3990427 2.3276848 1.1093895 0.0774917 1.4807057 1.7173766 1.3708451 
RTG84109.1     1.0363472 1.0758983 1.4003741 1.6448953 0.7337605 1.0598335 1.2584524 2.2757844 0.7545796 0.7831424 0.0294965 2.1434547 0.0000000 0.0000010 1.1047875 1.2841267 1.7274913 1.6818523 0.7334577 2.0979759 1.4003741 1.2553989 2.1179398 1.0588539 1.9134298 1.9134298 2.4780537 2.4560376 2.4780537 1.1468061 1.2557884 1.1468061 0.0651943 0.0887852 1.1674586 2.5504778 1.7445573 1.2492705 1.2492705 1.4820004 1.1678391 2.1852605 1.5464105 0.8286647 1.0449587 9.0000000 1.4453404 2.0889359 1.1710822 1.4317750 1.5903612 1.5200228 0.8044984 1.2636306 1.3834436 0.8008049 1.4865149 1.5115775 0.7898573 2.0885373 0.8044984 1.2636306 0.6894302 1.2823477 1.5200228 1.1570806 1.8777956 0.9072046 1.3014962 1.4779745 0.7602055 1.1236969 2.2938857 2.2085875 0.0190643 1.9163614 1.1047875 0.7892613 0.4923692 1.1047875 0.9093944 0.9219471 2.2113711 6.2275500 2.3129463 0.7892613 1.6408019 0.2240699 0.9675045 0.0190712 0.9085622 1.5950860 0.5681697 1.1511037 1.2068212 1.4688454 0.9701943 2.0580002 5.5524483 1.5838400 1.2735987 0.0937456 3.0062869 1.1047875 1.7297035 1.2232782 0.0294965 1.6368540 0.5254471 1.4820004 1.5464105 1.0688392 1.1513149 1.5399489 1.6015386 0.9914403 1.7997986 1.2587809 0.0183701 0.0634267 
RTG84110.1     1.2524969 1.3642645 1.4695449 1.6605626 0.8093618 1.5407383 1.3276234 2.3265247 0.9702358 0.9541754 0.2717120 2.2816272 0.0000010 0.0000000 1.3454123 1.3621384 1.7664678 1.7098799 0.8093291 2.0864007 1.4695449 1.3249250 2.0608454 1.1929944 1.9341638 1.9341638 2.4895270 2.5315999 2.5169208 1.2380800 1.3592392 1.2380800 0.1324582 0.1696490 1.3476481 2.4483813 1.8064577 1.3381634 1.3381634 1.5645146 1.2710223 2.1514227 1.5747740 0.8861451 1.0449587 1.4896900 1.4840565 2.0889359 1.2743893 1.5192741 1.6121633 1.5706012 1.2613771 1.3317256 1.4392794 0.8984004 1.5316676 1.5648007 0.8937275 2.0493127 1.0325187 1.3317256 0.7788648 1.3212781 1.5706012 1.2612186 1.8818932 1.0841414 1.3823458 1.5171977 0.8658934 1.4293877 2.5359328 2.2482976 0.0190643 1.9163614 1.2018643 0.9415476 0.6608200 1.2018643 1.3683605 1.0628421 2.2510793 6.3432648 2.3074781 0.9994640 1.6935290 0.4202257 1.3929086 0.0190712 0.9345401 1.6163091 0.9799683 1.3412015 1.2805806 1.4688454 1.0659757 2.0580002 2.8598439 1.6002554 1.3610651 0.1608244 3.0920342 1.2809321 1.7684481 1.3279943 0.2717120 1.6892941 0.8041217 1.5645146 1.5747740 1.2557660 1.2250864 1.5399489 1.6908780 1.1053518 1.8319295 1.3383729 0.0839692 0.1552380 
RTG85727.1     0.3667650 0.7292451 0.2225559 0.8085351 0.7634029 0.7502850 0.2264346 0.7832096 0.4279800 0.7899002 0.6461181 1.1058597 1.1047875 1.3454123 0.0000000 0.7048100 0.6972047 1.0643732 0.7629931 0.6374256 0.2226854 0.2227793 0.3528462 0.6736359 0.7026187 0.7026187 0.7478485 1.0620688 1.0235226 0.0820903 0.0772973 0.0820903 0.7144374 0.5954146 0.6318144 0.9432259 0.7569052 0.7245474 0.7245474 0.2275068 0.7105875 0.8640336 1.0851486 0.7372710 1.4526216 0.3426858 0.5660583 1.6604636 0.7232711 0.2321224 1.0817982 1.0778280 0.6409180 0.2441007 0.8903508 0.6927246 0.7286535 1.0324537 0.6968682 0.7982566 0.5631072 0.2441007 0.6012262 0.2535226 1.0778280 0.6302575 0.7735756 0.5196361 0.2597625 1.0856195 0.7123329 0.6990518 1.1832225 1.0231235 1.2747884 1.4010760 0.0000010 0.6287833 0.7967822 0.0000010 1.2291817 0.6457670 1.0207601 1.0808621 0.7848838 0.6733522 0.7489702 0.7513051 1.2316277 1.2707945 1.4609200 1.0859315 0.2900385 0.6680487 0.2166244 1.2584454 0.6693032 1.4574292 0.4001945 1.1182516 0.1712548 0.7313126 1.5368763 0.0000010 0.6972047 0.7591729 0.5435508 0.7240209 0.6067725 0.2275068 1.0851486 0.5517111 0.6933880 2.1917828 1.4784490 0.0058562 0.7031685 0.7035724 0.7258210 0.6764878 
RTG86473.1     0.4825602 0.4354235 0.6871567 0.9972075 0.7844340 0.4402475 0.6874555 1.7613938 0.5766394 0.7964264 0.5247529 1.5167987 1.2841267 1.3621384 0.7048100 0.0000000 0.9595733 1.1111863 0.7824524 1.0518672 0.6871567 0.6846575 0.8299618 0.4319547 0.9363332 0.9363332 1.0530601 1.3933512 1.4395626 0.7317665 0.7125253 0.7317665 0.7194697 0.6734183 0.0789325 0.2592119 0.1436048 0.0586555 0.0586555 0.7179580 0.4121076 0.9938789 1.0698373 0.7761537 1.7090413 0.3592067 0.7866593 1.0005566 0.4289674 0.7107634 1.0765346 1.0866648 0.3683778 0.7384573 0.6024530 0.7485760 0.9741584 1.0644960 0.7454186 1.0598755 0.3683778 0.7384573 0.7225416 0.7687428 1.0866648 0.4199144 1.0157351 0.6356274 0.7287828 1.0896349 0.7683078 0.4240248 1.2563077 1.5400957 1.6685423 0.0238880 0.7048100 0.0000010 0.7300362 0.7048100 1.3115352 0.0063472 1.5168437 0.7681979 1.1526548 0.0000010 0.0388678 0.6586235 1.3088384 1.6710096 1.5802620 1.0643763 0.3957090 0.3891064 0.7585937 0.7478704 0.5875587 0.5377528 0.5381402 1.0939827 0.7786388 0.7543847 1.7132128 0.7048100 0.9595733 0.1031551 0.4465572 0.0094543 0.3168228 0.7179580 1.0698373 0.6698367 0.7001042 2.2078416 0.8870074 0.6440657 0.9513998 0.0158063 0.7429947 0.5669268 
RTG88204.1     0.1371510 0.9635297 0.7808455 0.9342166 1.1077964 0.9521852 0.7896139 2.1835222 0.0481839 1.1094374 0.7516034 0.0229857 1.7274913 1.7664678 0.6972047 0.9595733 0.0000000 1.1134103 1.1042717 0.7867970 0.7850764 0.7919669 0.8751437 0.9507974 0.1760416 0.1760416 0.2272237 0.2871535 0.2621564 0.6974610 0.6940163 0.6974610 1.1214017 1.1337582 0.6469468 1.0038159 0.8023491 0.8879186 0.8879186 0.7973441 1.0160857 0.6745854 1.1322935 1.1867545 2.8046622 0.4388228 0.6160549 2.8482323 1.0279312 0.7833253 1.1290943 1.1414142 0.6461109 0.7690629 1.6436819 1.0241655 0.5748149 1.1095527 1.0158453 0.7376341 0.6461109 0.7690629 1.0110225 0.8077265 1.1414142 0.9270184 0.6413465 0.1440658 0.7672176 1.1212707 1.0270789 0.9102514 0.1572914 0.0214166 2.2147642 2.7235498 0.6972047 0.6804409 0.9163790 0.6972047 0.3553021 0.6806374 0.0115918 1.0741646 0.0515726 0.7320852 1.2038121 0.8582474 0.3574737 2.1841910 2.7084800 1.1435956 0.0756868 0.7618948 0.8244024 2.0368668 0.7208491 2.3178270 0.0895474 1.1678885 0.8047063 1.1275291 1.3400030 0.6972047 0.0084312 0.9456833 0.6258305 1.1617804 0.7053951 0.7973441 1.1322935 0.1449783 0.8619090 4.3990427 2.2889530 0.6891711 0.0403522 0.9486273 1.1098584 0.9168316 
TGZ62601.1     0.7869230 1.0756739 1.0021311 0.0094572 1.0051779 1.0599352 1.0377498 1.6103534 1.0326659 1.0743660 0.9939471 1.2362923 1.6818523 1.7098799 1.0643732 1.1111863 1.1134103 0.0000000 1.0134248 1.0547706 1.0021311 1.0377498 1.2345784 1.0668494 1.1268906 1.1268906 1.0070471 1.2870023 1.1811915 1.1012725 1.0215248 1.1012725 1.0185931 0.8945926 1.0041275 1.4358695 1.1552467 1.1131268 1.1131268 0.9861102 1.0791918 1.3460645 0.1000959 0.9501325 1.6092878 0.6316108 0.8869658 2.5282281 1.0707422 0.9755658 0.1070574 0.0750376 1.1253133 1.0987420 1.3848067 1.0387376 1.1922164 0.0609598 1.0387376 1.1780254 1.1253133 1.0987420 0.9646230 1.1501579 0.0750376 1.0865651 1.4732097 1.1136676 1.0988545 0.0792616 1.0590130 1.0898139 2.0059690 1.1636266 1.8411511 2.0430587 1.0643732 1.1124989 1.1490591 1.0643732 2.0010034 1.0943816 1.1415850 1.3329837 1.0329787 1.1163182 1.1988979 1.0876501 1.9821309 1.8411511 1.6427610 0.0930589 0.8219060 1.1044609 1.0642890 1.5130994 1.0244902 1.9316827 1.1973532 0.1538481 1.1770950 1.0507102 2.9489130 1.0643732 1.1134103 1.2209035 0.8582458 1.1251757 1.0829884 0.9861102 0.1000959 1.1071602 1.0540320 2.5495116 2.0086317 0.9750339 1.1112124 1.1111863 1.0069754 1.0069754 
TGZ66219.1     0.5350557 0.7445048 0.7594473 0.8703579 0.0091963 0.7330170 0.7804961 2.3846918 0.5401644 0.0287677 0.2578615 1.8641847 0.7334577 0.8093291 0.7629931 0.7824524 1.1042717 1.0134248 0.0000000 1.3370951 0.7594473 0.7791901 0.8397314 0.7319561 1.1187972 1.1187972 1.3962212 1.8967387 1.9703075 0.7876997 0.7462148 0.7876997 0.4782406 0.5070637 0.5276354 0.8300131 0.6518274 0.7031139 0.7031139 0.8111720 0.7899859 1.3013360 1.0077569 0.4357009 0.7930018 0.1384363 0.8003252 1.9643667 0.7798685 0.8112694 1.0106998 1.0341375 0.5182888 0.7899710 1.2703029 0.2615316 0.9777041 1.0129955 0.2599117 1.0784433 0.5182888 0.7899710 0.2196649 0.8129567 1.0341375 0.7258619 0.9524360 0.6650054 0.7970574 1.0228635 0.2599765 0.6981625 1.1468083 1.9774295 0.9312388 2.1181683 0.7629931 0.4918903 0.4567596 0.7629931 1.2384436 0.5106461 1.9456135 0.9210292 1.3755125 0.5325135 1.1105999 0.3722625 1.2178352 0.9277951 0.8073368 0.9986786 0.4316079 0.6227996 0.7774877 1.4477929 0.3772583 2.0346284 0.5831771 0.9668325 0.7936356 0.4705812 2.0685750 0.7629931 1.1025289 0.6992311 0.2196066 1.0527467 0.4941411 0.8111720 1.0077569 0.6539746 0.4384244 1.1253473 1.9247113 0.6803833 1.1244486 0.7817763 0.4706202 0.3983401 
TGZ67750.1     0.0864685 1.0989014 0.7220462 1.0526526 1.3176410 1.1002942 0.7216715 1.6545855 0.0000010 1.3096951 0.4938473 0.9832140 2.0979759 2.0864007 0.6374256 1.0518672 0.7867970 1.0547706 1.3370951 0.0000000 0.7282055 0.7282055 1.0575166 1.0776163 0.7297282 0.7297282 0.7297282 0.9292414 0.9381520 0.7354013 0.7354013 0.7354013 1.2219244 1.2219244 0.5042039 1.3734598 0.8465500 0.9642487 0.9642487 0.8158102 1.1914782 0.6310044 1.0235790 1.3586898 2.5833299 0.3053939 0.6422535 2.5999658 1.2719457 0.7790752 1.0312912 1.0557266 0.7039521 0.7724717 1.4394513 1.2727293 0.5282632 0.9788786 1.2632187 0.5369581 0.7039521 0.7724717 1.2636266 0.8511484 1.0557266 1.0467561 0.6428093 0.1725665 0.7756931 1.0120676 1.2896861 1.0198949 9.0000000 1.0081618 2.1138951 2.4643684 0.6374256 0.4594373 1.0857914 0.6374256 4.7256826 0.4594373 1.0282764 1.1292020 0.7827300 0.4594373 1.1540885 1.0923973 3.5778353 2.0896990 2.5578572 1.0436669 0.0091923 0.8579833 0.7815622 2.1964572 0.8871240 2.6890791 0.1474350 1.0688344 0.8394168 1.3175389 1.3182301 0.6374256 0.7887654 1.6095221 0.3852818 1.1429459 0.6310886 0.8158102 1.0235790 0.1137478 1.0109815 3.9941088 2.0961713 0.6303374 0.7972433 1.0567095 1.2397867 0.9687342 
TGZ72023.1     0.4046815 0.6208714 0.0063318 0.7923531 0.7579002 0.6132655 0.0063293 0.0934895 0.4240431 0.7579002 0.5443152 1.2796528 1.4003741 1.4695449 0.2226854 0.6871567 0.7850764 1.0021311 0.7594473 0.7282055 0.0000000 0.0000010 0.2823351 0.6132655 0.7800777 0.7800777 0.8630787 1.1804291 1.1818123 0.2609414 0.2609414 0.2609414 0.7647018 0.6782419 0.5494446 0.9311979 0.6994319 0.7006058 0.7006058 0.2620326 0.6283739 0.8247309 1.0048686 0.7320657 1.5142245 0.3669744 0.6145361 1.6504367 0.6476301 0.2632104 1.0166362 1.0000587 0.4158534 0.2041053 0.9495028 0.6527240 0.7747793 0.9773900 0.6527240 0.8184040 0.4158534 0.2041053 0.6531662 0.2198463 1.0000587 0.5826631 0.6689142 0.4866824 0.2185923 1.0010807 0.6852579 0.6063060 0.6999738 1.2073675 1.5216631 1.5264270 0.2226854 0.4816176 0.7689097 0.2226854 1.2043135 0.5058276 1.1965349 1.1193090 0.9308741 0.5481708 0.8289073 0.7629770 1.1680684 1.5338567 1.5172131 1.0096529 0.3340845 0.6133548 0.2171937 1.0381040 0.6938831 1.4387399 0.4824316 0.9633362 0.3016349 0.7673594 1.5979389 0.2226854 0.7850764 0.6814035 0.4631518 0.7803712 0.4698041 0.2620326 1.0048686 0.5498362 0.7041115 1.9320346 1.3562350 0.2270996 0.8018001 0.6866546 0.7602771 0.6805688 
TGZ72024.1     0.4046815 0.6454504 0.0063318 0.7923531 0.7839080 0.6423900 0.0055316 0.0934895 0.4656988 0.7969974 0.6095749 1.2678397 1.2553989 1.3249250 0.2227793 0.6846575 0.7919669 1.0377498 0.7791901 0.7282055 0.0000010 0.0000000 0.2222308 0.6373451 0.7874610 0.7874610 0.8630787 1.1853135 1.1818123 0.2463008 0.2609414 0.2463008 0.7754513 0.6782419 0.5637738 0.8760197 0.6865948 0.6910669 0.6910669 0.2620326 0.6385373 0.9268466 1.0112737 0.7485912 1.5142245 0.3669744 0.6226382 1.6504367 0.6549140 0.2632104 1.0213216 1.0277591 0.5183805 0.1991281 0.9495028 0.6853450 0.7820379 1.0085216 0.6853450 0.8470084 0.5183805 0.1991281 0.6414577 0.2125816 1.0277591 0.6175738 0.7660095 0.5304848 0.2108189 1.0379258 0.7037007 0.6450029 1.0069447 1.2073675 1.5298519 1.5264270 0.2227793 0.5324549 0.7837439 0.2227793 1.2018902 0.5504065 1.1965349 1.1193090 0.9308741 0.5795428 0.8289073 0.7811708 1.1859939 1.5419465 1.4878386 1.0213966 0.3340845 0.6248429 0.2170548 1.0198628 0.7321250 1.4387399 0.4824316 1.0098486 0.3013517 0.7779910 1.5979389 0.2227793 0.7919669 0.6781694 0.5267698 0.7803712 0.5270499 0.2620326 1.0112737 0.6013037 0.7182907 1.9320346 1.3332415 0.2044813 0.8035016 0.6842239 0.7716435 0.7022871 
TGZ72025.1     0.7260430 0.7884859 0.2823351 0.9987282 0.8481445 0.8054886 0.2222308 3.6271044 0.6847030 0.8662328 0.6049759 2.3976646 2.1179398 2.0608454 0.3528462 0.8299618 0.8751437 1.2345784 0.8397314 1.0575166 0.2823351 0.2222308 0.0000000 0.7986092 0.8675945 0.8675945 1.1073203 2.1388031 2.7016927 0.3247244 0.3660483 0.3247244 0.8510935 0.7361701 0.5540938 0.8445895 0.7538758 0.8347057 0.8347057 0.4255315 0.7663996 0.9845287 1.1817757 0.8695169 8.9999984 0.3669744 0.7220815 8.9999984 0.7781511 0.4265685 1.1814187 1.2243014 0.5183805 0.3125194 3.7631047 0.7960137 0.8171163 1.2243014 0.7960137 0.9119079 0.5183805 0.3125194 0.7391387 0.3440635 1.2243014 0.7868272 0.9220508 0.7552032 0.3280243 1.2372089 0.8093379 0.8012696 1.0069447 2.7855230 8.9999990 8.9999985 0.3528462 0.5324549 0.7494652 0.3528462 1.2018902 0.5504065 2.7855230 1.3727936 1.1489878 0.5795428 1.4192983 0.6344017 1.1859939 8.9999990 8.9999985 1.1917083 0.7491185 0.5453211 0.3830523 5.0988045 0.5214239 8.6238367 0.5343707 1.1988861 0.4290924 0.8569730 3.0584016 0.3528462 0.8751437 0.7538965 0.5232332 1.3220015 0.5270499 0.4255315 1.1817757 0.7515954 0.5590611 5.4057252 5.6688836 0.3277308 0.8685999 0.8258128 0.8583717 0.7981584 
TGZ76118.1     0.4681494 0.0135230 0.6132655 0.9566477 0.7315836 0.0080897 0.6373451 1.5232237 0.5484766 0.7452557 0.5039435 1.5668264 1.0588539 1.1929944 0.6736359 0.4319547 0.9507974 1.0668494 0.7319561 1.0776163 0.6132655 0.6373451 0.7986092 0.0000000 0.9642228 0.9642228 1.1625746 1.5626337 1.6258418 0.7030161 0.6480415 0.7030161 0.6783897 0.6652151 0.3649844 0.6437074 0.4897616 0.3959031 0.3959031 0.6747869 0.3218969 1.0227083 1.0387423 0.7570357 1.7624928 0.4202981 0.8705054 0.8521406 0.3551877 0.6553138 1.0386763 1.0127833 0.2108093 0.6473780 0.3625921 0.7744835 0.9283793 0.9849151 0.7711756 1.0354758 0.2108093 0.6473780 0.7133713 0.6723088 1.0127833 0.2513904 1.0824047 0.6319634 0.6465689 1.0049053 0.7599759 0.2509668 1.2041776 1.6134960 1.4655851 0.8617713 0.6736359 0.3076010 0.7433952 0.6736359 1.2598150 0.3188883 1.5997697 0.9757553 1.1660185 0.3271682 0.5447083 0.6422760 1.2110299 1.4655851 1.6680918 1.0264228 0.4134277 0.2684484 0.7154112 0.7490213 0.6083263 0.6376565 0.6219311 1.0474181 0.7274337 0.6927816 1.8433783 0.6736359 0.9507974 0.5015671 0.4572601 0.5252184 0.1643970 0.6747869 1.0387423 0.6150701 0.7096351 2.6234989 0.8662803 0.6137488 0.9545808 0.4262598 0.6942350 0.5479598 
TNN05389.1     0.1325706 0.9725863 0.7758607 0.9478095 1.1222447 0.9656111 0.7851147 2.1470396 0.0481839 1.1154627 0.7516034 0.2874281 1.9134298 1.9341638 0.7026187 0.9363332 0.1760416 1.1268906 1.1187972 0.7297282 0.7800777 0.7874610 0.8675945 0.9642228 0.0000000 0.0000010 0.0000010 0.0243944 0.0000010 0.6928381 0.6888728 0.6928381 1.2094070 1.2443781 0.6399229 1.0071687 0.8023491 0.8476076 0.8476076 0.7900860 1.0032555 0.6893377 1.1472366 1.1779566 2.6199691 0.4388228 0.6333331 2.6865123 1.0367740 0.7955396 1.1439445 1.1506452 0.6461109 0.7653773 1.5579152 1.0448126 0.6099369 1.1155439 1.0364896 0.7714598 0.6461109 0.7653773 1.0319023 0.8054251 1.1506452 0.9074643 0.6631649 0.1473106 0.7582946 1.1303719 1.0473010 0.8877984 0.1572914 0.2590043 2.4871065 2.5627746 0.7026187 0.6804409 0.9138551 0.7026187 0.3553021 0.6806374 0.2645006 1.0741646 0.2588289 0.7320852 1.1410092 0.8675001 0.3574737 2.4827691 2.7631396 1.1546255 0.0756868 0.7655264 0.8281194 2.0855191 0.7394236 2.2275548 0.0895474 1.1709077 0.7602791 1.2169445 1.2755145 0.7026187 0.1772597 0.9304523 0.6258305 1.1176457 0.7053951 0.7900860 1.1472366 0.1429949 0.9261240 3.9784537 2.2380666 0.6984912 0.1705835 0.9313939 1.1990335 0.9756367 
TNN05390.1     0.1325706 0.9725863 0.7758607 0.9478095 1.1222447 0.9656111 0.7851147 2.1470396 0.0481839 1.1154627 0.7516034 0.2874281 1.9134298 1.9341638 0.7026187 0.9363332 0.1760416 1.1268906 1.1187972 0.7297282 0.7800777 0.7874610 0.8675945 0.9642228 0.0000010 0.0000000 0.0000010 0.0243944 0.0000010 0.6928381 0.6888728 0.6928381 1.2094070 1.2443781 0.6399229 1.0071687 0.8023491 0.8476076 0.8476076 0.7900860 1.0032555 0.6893377 1.1472366 1.1779566 2.6199691 0.4388228 0.6333331 2.6865123 1.0367740 0.7955396 1.1439445 1.1506452 0.6461109 0.7653773 1.5579152 1.0448126 0.6099369 1.1155439 1.0364896 0.7714598 0.6461109 0.7653773 1.0319023 0.8054251 1.1506452 0.9074643 0.6631649 0.1473106 0.7582946 1.1303719 1.0473010 0.8877984 0.1572914 0.2590043 2.4871065 2.5627746 0.7026187 0.6804409 0.9138551 0.7026187 0.3553021 0.6806374 0.2645006 1.0741646 0.2588289 0.7320852 1.1410092 0.8675001 0.3574737 2.4827691 2.7631396 1.1546255 0.0756868 0.7655264 0.8281194 2.0855191 0.7394236 2.2275548 0.0895474 1.1709077 0.7602791 1.2169445 1.2755145 0.7026187 0.1772597 0.9304523 0.6258305 1.1176457 0.7053951 0.7900860 1.1472366 0.1429949 0.9261240 3.9784537 2.2380666 0.6984912 0.1705835 0.9313939 1.1990335 0.9756367 
TNN05393.1     0.1155643 1.1884651 0.8566279 1.0049932 1.4012113 1.1643261 0.8590969 2.0339996 0.0280838 1.3855075 0.5477994 0.2573243 2.4780537 2.4895270 0.7478485 1.0530601 0.2272237 1.0070471 1.3962212 0.7297282 0.8630787 0.8630787 1.1073203 1.1625746 0.0000010 0.0000010 0.0000000 0.0113037 0.0000010 0.7450272 0.7450272 0.7450272 1.4831903 1.4831903 0.4712346 1.2699993 0.8212373 0.8886990 0.8886990 0.8774524 1.1854477 0.8584103 1.0192444 1.4760099 2.6199691 0.3183520 0.8821353 2.6865123 1.2432235 0.8641162 1.0270088 1.0214049 0.6100160 0.8564475 1.5579152 1.3295850 0.8727633 0.9602324 1.3135101 0.8947605 0.6100160 0.8564475 1.3138836 0.9389439 1.0214049 1.0949264 0.9467618 0.2200792 0.8502207 1.0059486 1.3392211 1.0602831 9.0000000 0.2590043 2.4772836 2.5627746 0.7478485 0.5559080 1.0025412 0.7478485 4.5648003 0.5559080 0.2645006 1.0741646 0.2356687 0.5559080 1.1410092 0.9593751 4.0975075 2.4728348 2.7631396 1.0337462 0.0376391 0.7719155 0.9238619 2.1588936 0.9035139 2.2275548 0.0895474 1.0646238 0.8738286 1.5201556 1.2755145 0.7478485 0.2288141 1.5430239 0.3781834 1.1176457 0.5394041 0.8774524 1.0192444 0.1519758 1.1692261 3.9784537 2.2380666 0.7558266 0.2170413 1.0436336 1.4419290 1.0866007 
TNN05394.1     0.2896016 1.6013557 1.1711092 1.2813676 1.9029685 1.5639815 1.1797219 2.0339996 0.2664362 1.8772563 1.0611705 0.2568667 2.4560376 2.5315999 1.0620688 1.3933512 0.2871535 1.2870023 1.8967387 0.9292414 1.1804291 1.1853135 2.1388031 1.5626337 0.0243944 0.0243944 0.0113037 0.0000000 0.0000010 1.0488545 1.0400934 1.0488545 1.9981260 2.0018413 0.7952627 2.1817308 1.5113852 1.1789064 1.1789064 1.2253258 1.6139929 1.0752518 1.3051688 1.9977806 2.6199691 0.6272649 1.2010468 2.6865123 1.7079805 1.2118690 1.3217505 1.3293169 2.1708141 1.1936491 1.5579152 1.8773412 1.1121859 1.2449635 1.8497014 1.1386809 2.1708141 1.1936491 1.8499272 1.3694452 1.3293169 1.4684760 1.3138898 0.5863319 1.2031365 1.3057934 1.8897090 1.4157024 1.0652969 0.2590043 2.4772836 2.5627746 1.0620688 1.9576236 1.9846264 1.0620688 0.9629324 1.9576236 0.2645006 1.6098094 0.2825434 1.9576236 1.3668153 2.2040700 0.7179960 2.4728348 2.7631396 1.3267764 0.1364041 1.4625465 1.2457515 2.1588936 1.6901190 2.2275548 1.8402001 1.3178038 1.1954689 1.9548118 1.2755145 1.0620688 0.2890047 2.6997353 0.7705196 1.3269053 1.8957243 1.2253258 1.3051688 0.4170322 2.2053379 3.9784537 2.2450059 1.0729707 0.2750078 1.3757849 1.9354510 1.5151576 
TNN05395.1     0.2004287 1.6727516 1.1711248 1.1775042 1.9774941 1.6271404 1.1751958 2.0339996 0.0000010 1.9470477 0.3082930 0.2621564 2.4780537 2.5169208 1.0235226 1.4395626 0.2621564 1.1811915 1.9703075 0.9381520 1.1818123 1.1818123 2.7016927 1.6258418 0.0000010 0.0000010 0.0000010 0.0000010 0.0000000 1.0094066 1.0094066 1.0094066 2.1014305 2.1014305 0.5873076 2.6874276 1.7508591 1.1842485 1.1842485 1.2179994 1.7067416 1.0801597 1.2010246 2.0901757 2.6199691 0.1867564 1.2119667 2.6865123 1.8150187 1.2025551 1.2211742 1.2300459 9.0000000 1.1764034 1.5579152 1.9742225 1.1130729 1.1260559 1.9406621 1.1450758 9.0000000 1.1764034 1.9408808 1.3872465 1.2300459 1.5132564 1.3413507 0.4063692 1.1874609 1.2027150 1.9886037 1.4495600 9.0000000 0.2590043 2.4772836 2.5627746 1.0235226 9.0000000 2.3949170 1.0235226 9.0000000 9.0000000 0.2645006 1.9715051 0.2718855 9.0000000 1.4225390 1.9832634 9.0000000 2.4728348 2.7631396 1.2269801 0.0215360 1.6748883 1.2379195 2.1588936 1.7587094 2.2275548 1.1159040 1.2186870 1.0868797 2.0080099 1.2755145 1.0235226 0.2640321 3.4448818 0.2895418 1.4450180 9.0000000 1.2179994 1.2010246 0.2389595 2.6001134 3.9784537 2.2746167 1.0362960 0.2499297 1.4178632 2.0266076 1.5398483 
TNN13716.1     0.3802149 0.7171186 0.2606202 0.8366170 0.7879724 0.7033881 0.2422812 0.8792246 0.4239169 0.7737654 0.6329971 1.1165915 1.1468061 1.2380800 0.0820903 0.7317665 0.6974610 1.1012725 0.7876997 0.7354013 0.2609414 0.2463008 0.3247244 0.7030161 0.6928381 0.6928381 0.7450272 1.0488545 1.0094066 0.0000000 0.0000010 0.0000010 0.7501150 0.6543081 0.6377920 0.9502780 0.7634733 0.7394237 0.7394237 0.2631936 0.7315488 0.8743692 1.1105769 0.7907755 1.5947008 0.3559705 0.5543287 1.7565723 0.7435957 0.2605759 1.1071044 1.1085109 0.5468762 0.2238839 1.0896227 0.6963911 0.7521982 1.0664669 0.6963911 0.8199395 0.5468762 0.2238839 0.6172211 0.2279835 1.1085109 0.6660932 0.7316816 0.5160540 0.2446979 1.1165151 0.7016530 0.6688881 1.0066615 1.0374672 1.3699089 1.5531043 0.0820903 0.6262631 0.7770177 0.0820903 1.1613510 0.6432176 1.0351576 1.1173382 0.7925151 0.6678006 0.8107059 0.7547284 1.1639908 1.3927522 1.6024520 1.1113805 0.3034973 0.6783583 0.2365026 1.3018341 0.6914983 1.5579244 0.4001945 1.1322606 0.1602544 0.7807082 1.5460803 0.0820903 0.6974610 0.7536765 0.5330412 0.7803257 0.6122898 0.2631936 1.1105769 0.5312883 0.7162658 2.4577824 1.5410997 0.0772795 0.7033577 0.7313120 0.7479202 0.6597579 
TNN13717.1     0.3802149 0.6621555 0.2606202 0.8366170 0.7447730 0.6480415 0.2562700 0.8792246 0.3919086 0.7447730 0.5790521 1.1262028 1.2557884 1.3592392 0.0772973 0.7125253 0.6940163 1.0215248 0.7462148 0.7354013 0.2609414 0.2609414 0.3660483 0.6480415 0.6888728 0.6888728 0.7450272 1.0400934 1.0094066 0.0000010 0.0000000 0.0000010 0.7395171 0.6543081 0.5809245 0.9543351 0.7297836 0.7128762 0.7128762 0.2631936 0.6996558 0.7628729 1.0584494 0.7683393 1.5947008 0.3559705 0.5498155 1.7565723 0.7137652 0.2605759 1.0546404 1.0530968 0.4234113 0.2241680 1.0896227 0.6371369 0.7557763 1.0044391 0.6371369 0.7925393 0.4234113 0.2241680 0.6375698 0.2288891 1.0530968 0.6236302 0.5931086 0.4864757 0.2451568 1.0510259 0.6544643 0.6197436 0.6498546 1.0374672 1.3612508 1.5531043 0.0772973 0.5437463 0.7663764 0.0772973 1.1781054 0.5658689 1.0351576 1.1173382 0.7925151 0.6032579 0.8107059 0.7365821 1.1624896 1.3841832 1.6342571 1.0519715 0.3034973 0.6228564 0.2267474 1.3271964 0.6343429 1.5579244 0.4001945 1.0402608 0.1531059 0.7740363 1.5460803 0.0772973 0.6940163 0.7180885 0.4740229 0.7803257 0.5076962 0.2631936 1.0584494 0.4846886 0.6803132 2.4577824 1.5686268 0.0810193 0.7040804 0.7120149 0.7369596 0.6356315 
TNN13718.1     0.3802149 0.7171186 0.2606202 0.8366170 0.7879724 0.7033881 0.2422812 0.8792246 0.4239169 0.7737654 0.6329971 1.1165915 1.1468061 1.2380800 0.0820903 0.7317665 0.6974610 1.1012725 0.7876997 0.7354013 0.2609414 0.2463008 0.3247244 0.7030161 0.6928381 0.6928381 0.7450272 1.0488545 1.0094066 0.0000010 0.0000010 0.0000000 0.7501150 0.6543081 0.6377920 0.9502780 0.7634733 0.7394237 0.7394237 0.2631936 0.7315488 0.8743692 1.1105769 0.7907755 1.5947008 0.3559705 0.5543287 1.7565723 0.7435957 0.2605759 1.1071044 1.1085109 0.5468762 0.2238839 1.0896227 0.6963911 0.7521982 1.0664669 0.6963911 0.8199395 0.5468762 0.2238839 0.6172211 0.2279835 1.1085109 0.6660932 0.7316816 0.5160540 0.2446979 1.1165151 0.7016530 0.6688881 1.0066615 1.0374672 1.3699089 1.5531043 0.0820903 0.6262631 0.7770177 0.0820903 1.1613510 0.6432176 1.0351576 1.1173382 0.7925151 0.6678006 0.8107059 0.7547284 1.1639908 1.3927522 1.6024520 1.1113805 0.3034973 0.6783583 0.2365026 1.3018341 0.6914983 1.5579244 0.4001945 1.1322606 0.1602544 0.7807082 1.5460803 0.0820903 0.6974610 0.7536765 0.5330412 0.7803257 0.6122898 0.2631936 1.1105769 0.5312883 0.7162658 2.4577824 1.5410997 0.0772795 0.7033577 0.7313120 0.7479202 0.6597579 
